"j"	"v"	"v_enzload"	"+ slack"	"- slack"
"RXN-PRMICI_c_FWD-YIL020C"	 3.580919124431935E+03	 2.331779209844036E-02	 0.00E+00	 1.41E+02
"RXN-IPPMIb_c_REV-YGL009C"	 1.582266441952562E+04	 4.547425604385814E-01	 0.00E+00	 5.99E+02
"RXN-IPPS_c_FWD-YOR108W"	 5.988264902019364E+02	 1.368627755272156E-02	 9.36E+01	 0.00E+00
"RXN-OMCDC_c_FWD-YJR148W"	 1.582266441952562E+04	 1.000000000000000E-09	 0.00E+00	 1.58E+04
"RXN-BPNT_c_FWD-YOL064C"	 5.226831135982211E+03	 1.544755228772937E-01	 0.00E+00	 1.76E+01
"RXN-PDE1_c_FWD-YOR360C"	 1.939219446412014E+02	 5.387379618780045E-03	 7.87E+01	 0.00E+00
"RXN-DHQTi_c_FWD-YDR127W"	 1.471152925774388E+04	 1.000000000000000E-09	 0.00E+00	 1.47E+04
"RXN-DHQS_c_FWD-YDR127W"	 1.471152925774388E+04	 1.000000000000000E-09	 0.00E+00	 1.47E+04
"RXN-3DSPHR_r_FWD-YBR265W"	 4.823893356657636E+01	 2.729033666564084E-02	 0.00E+00	 6.35E-10
"RXN-DDPA_c_FWD-YDR035W"	 6.037536274095455E+02	 1.477388614058080E-01	 6.87E+03	 0.00E+00
"RXN-IPPMIa_c_REV-YGL009C"	 1.582266441952562E+04	 1.000000000000000E-09	 0.00E+00	 1.58E+04
"RXN-IPMD_c_FWD-YCL018W"	 1.582266441952562E+04	 2.940282106824640E-01	 0.00E+00	 5.99E+02
"RXN-PSCIT_c_FWD-YDR127W"	 1.471152925774388E+04	 1.000000000000000E-09	 0.00E+00	 1.47E+04
"RXN-ABTA_c_FWD-YGR019W"	 3.666714135609050E-04	 1.000000000000000E-09	 5.67E-04	 0.00E+00
"RXN-PRFGS_c_FWD-YGR061C"	 5.302678557627138E+03	 3.701830505972831E-01	 0.00E+00	 2.89E+00
"RXN-MTHFR3_c_FWD-YGL125W"	 5.325760111289670E+03	 1.342241738808144E-01	 5.46E+02	 0.00E+00
"RXN-ALAS_m_FWD-YDR232W"	 1.413508908992971E+01	 2.658728939261761E-02	 0.00E+00	 9.71E-01
"RXN-ACACT160i_x_FWD-YIL160C"	 5.765142629884506E+00	 2.320031412008681E-03	 8.08E+01	 0.00E+00
"RXN-ACACT40ir_c_FWD-YPL028W"	 7.798343941357837E+03	 3.780731218173413E-01	 0.00E+00	 1.12E-01
"RXN-STATg181_rm_FWD-YCR048W"	 2.291734854251737E+01	 0.000000000000000E+00	 0.00E+00	 2.29E+01
"RXN-ADPT_c_FWD-YML022W"	 2.467310241633293E-05	 1.730967611468240E-01	 8.76E+03	 0.00E+00
"RXN-ADNK1_c_FWD-YJR105W"	 4.310616624133537E+03	 9.746310393275316E-01	 0.00E+00	 1.26E-09
"RXN-ADK1_m_FWD-YER170W"	 1.823387378863117E-07	 1.000000000000000E-09	 5.14E-07	 0.00E+00
"RXN-ADSL2i_c_FWD-YLR359W"	 5.302678557627138E+03	 1.742138862680181E-02	 0.00E+00	 4.50E+03
"RXN-ADSS_c_FWD-YNL220W"	 6.342543862339129E+03	 2.127869868053224E-01	 1.14E+03	 0.00E+00
"RXN-ADSK_c_FWD-YKL001C"	 5.226831135982211E+03	 2.793435217666130E-01	 0.00E+00	 1.76E+01
"RXN-ALATRS_c_FWD-YOR335C"	 1.453958508595607E+04	 3.189509323326268E-01	 2.61E+02	 0.00E+00
"RXN-ALDD22x_c_FWD-YMR170C"	 2.467310241652299E-05	 1.345914193808373E-02	 6.81E+02	 0.00E+00
"RXN-ARGN_c_FWD-YPL111W"	 2.990633578628132E+03	 7.451555396238586E-03	 0.00E+00	 1.92E+03
"RXN-ARGTRS_c_FWD-YDR341C"	 8.024714297919507E+03	 2.724970822599793E-01	 2.24E+03	 0.00E+00
"RXN-ASNTRS_c_FWD-YHR019C"	 8.664541903989270E+03	 4.879421480976219E-01	 0.00E+00	 4.10E+02
"RXN-ASPCT_c_FWD-YJL130C"	 4.599440215040027E+03	 5.644401394936186E-01	 3.19E+00	 0.00E+00
"RXN-ASPK_c_FWD-YER052C"	 2.535711192552909E+04	 1.524688920470714E-01	 0.00E+00	 7.05E+02
"RXN-ASAD_c_FWD-YDR158W"	 2.535711192552909E+04	 3.168517634979422E-01	 0.00E+00	 7.05E+02
"RXN-ASPTRS_c_FWD-YLL018C"	 1.045893455371117E+04	 1.429987805396077E-01	 0.00E+00	 3.39E+02
"RXN-ATPPRT_c_FWD-YER055C"	 3.580919124431935E+03	 3.779046685983243E-01	 0.00E+00	 1.41E+02
"RXN-C3STKR1_c_FWD-YLR100W"	 6.498526665496188E+02	 3.980025669113181E-02	 5.89E-09	 0.00E+00
"RXN-C4STMO1_c_FWD-YGR060W"	 6.498526665496188E+02	 1.000000000000000E-09	 0.00E+00	 6.50E+02
"RXN-C4STMO2_c_FWD-YGR060W"	 6.498526665496188E+02	 1.290910742981789E-02	 0.00E+00	 1.01E-04
"RXN-C4STMO3_c_FWD-YGR060W"	 6.498526665496188E+02	 1.000000000000000E-09	 0.00E+00	 6.50E+02
"RXN-C5STDS_c_FWD-YLR056W"	 4.188167631036328E+02	 4.894143561275298E-02	 0.00E+00	 5.87E-09
"RXN-C8STI_c_FWD-YMR202W"	 6.498526665496187E+02	 1.113099723068448E-01	 6.50E+02	 0.00E+00
"RXN-C24STR_r_FWD-YGL012W"	 4.188167631036328E+02	 1.274184788720984E-02	 3.14E-09	 0.00E+00
"RXN-CERH124B_r_FWD-YMR272C"	 4.823893356657645E+00	 1.000000000000000E-09	 0.00E+00	 4.82E+00
"RXN-CERH126B_r_FWD-YMR272C"	 4.823893356657645E+00	 1.000000000000000E-09	 0.00E+00	 4.82E+00
"RXN-CERH2A24_r_FWD-YMR272C"	 9.647786713315290E+00	 1.000000000000000E-09	 0.00E+00	 9.65E+00
"RXN-CERH2A26_r_FWD-YMR272C"	 9.647786713315290E+00	 4.068113467829364E-02	 0.00E+00	 1.19E-06
"RXN-CERH324_r_FWD-YMR272C"	 4.823893356657645E+00	 1.000000000000000E-09	 0.00E+00	 4.82E+00
"RXN-CERH326_r_FWD-YMR272C"	 4.823893356657645E+00	 1.000000000000000E-09	 0.00E+00	 4.82E+00
"RXN-CHTNS_c_FWD-YNL192W"	 6.113049822090327E+02	 3.791518781223584E-03	 3.60E-08	 0.00E+00
"RXN-CHOLK_c_FWD-YLR133W"	 8.656462943321764E+02	 3.359697808331006E-02	 8.34E+02	 0.00E+00
"RXN-CHORM_c_FWD-YPR060C"	 1.298987444718702E+04	 3.726776666912915E-02	 0.00E+00	 6.98E+02
"RXN-CHORS_c_FWD-YGL148W"	 1.471152925774388E+04	 8.786101975053107E-02	 0.00E+00	 6.04E+02
"RXN-CS_x_FWD-YCR005C"	 3.091361746664400E+01	 7.771769253376419E-02	 1.21E+03	 0.00E+00
"RXN-CTPS2_c_FWD-YBL039C"	 4.550555859051583E+03	 1.013044280567017E-01	 5.75E+02	 0.00E+00
"RXN-CYSTGL_c_FWD-YAL012W"	 9.452054704623419E+03	 2.478198093927700E-01	 0.00E+00	 9.44E+01
"RXN-CYSS_c_FWD-YLR303W"	 2.359375451795701E+03	 1.000000000000000E-09	 0.00E+00	 2.36E+03
"RXN-CYSTRS_c_FWD-YNL247W"	 1.713466153368765E+03	 6.058195662140441E-02	 0.00E+00	 1.12E+02
"RXN-DCYTD_c_FWD-YLR245C"	 4.564385149169751E+01	 4.823721631743353E-03	 1.98E+02	 0.00E+00
"RXN-DHNPA2i_m_FWD-YNL256W"	 2.351768932934874E+00	 1.285131727203935E-02	 0.00E+00	 8.48E-03
"RXN-DHAD2_m_FWD-YJR016C"	 1.144694831882669E+04	 3.247225983168289E-02	 0.00E+00	 1.05E+04
"RXN-DOLPMT_c_FWD-YPR183W"	 1.666268299112991E+04	 3.259137823974097E-01	 2.10E-08	 0.00E+00
"RXN-DTMPK_c_FWD-YJR057W"	 1.545044098819040E+02	 8.620125773847713E-03	 1.20E-06	 0.00E+00
"RXN-DUTPDP_c_FWD-YBR252W"	 1.071562533905055E-06	 1.726878515272340E-02	 8.74E+02	 0.00E+00
"RXN-FACOAL160_x_FWD-YER015W"	 4.671553698972654E+02	 0.000000000000000E+00	 0.00E+00	 4.67E+02
"RXN-FMNRx_c_FWD-YLR011W"	 3.514440790021243E-01	 5.649947470160790E-03	 0.00E+00	 0.00E+00
"RXN-FBP2_c_FWD-YLR345W"	 9.352635655544822E+01	 7.052526293308754E-03	 2.63E+02	 0.00E+00
"RXN-DHORDfum_c_FWD-YKL216W"	 4.599440215040027E+03	 6.888117772652147E-02	 3.19E+00	 0.00E+00
"RXN-GRTT_c_FWD-YJL167W"	 2.599447980456113E+03	 1.783972579780801E-04	 0.00E+00	 2.60E+03
"RXN-GLNTRS_c_FWD-YOR168W"	 6.507920036926107E+03	 1.335914729682708E-01	 0.00E+00	 2.06E+02
"RXN-GLUTRS_c_FWD-GUS1ARC1"	 1.234526473883310E+04	 3.338023724709152E-01	 0.00E+00	 4.23E+02
"RXN-GPDDA1pp_c_FWD-YPL110C"	 7.866559114166029E+02	 8.901086914351876E-03	 0.00E+00	 3.36E+02
"RXN-GARFT_c_FWD-YDR408C"	 5.302678557627138E+03	 1.045350781906998E-01	 0.00E+00	 2.89E+00
"RXN-GTPCI_c_FWD-YGR267C"	 2.351768932934874E+00	 1.082525054802629E-02	 0.00E+00	 0.00E+00
"RXN-GK1_c_FWD-YDR454C"	 2.541054117402652E+03	 3.664948387534597E-01	 0.00E+00	 1.44E+00
"RXN-HEMEOS_m_FWD-YPL172C"	 3.731423724238118E-02	 1.482766363458348E-03	 1.06E+00	 0.00E+00
"RXN-HISTD_c_FWD-YCL030C"	 3.580919124431935E+03	 6.547876597671363E-01	 0.00E+00	 1.41E+02
"RXN-HISTP_c_FWD-YFR025C"	 3.580919124431935E+03	 1.630157533954221E-02	 0.00E+00	 1.41E+02
"RXN-HSTPT_c_FWD-YIL116W"	 3.580919124431935E+03	 3.004009452635635E-01	 0.00E+00	 1.41E+02
"RXN-HCYSMT_c_FWD-YLL062C"	 4.511849621029178E+02	 5.089299831625305E-02	 2.12E+03	 0.00E+00
"RXN-HSDx_c_FWD-YJR139C"	 2.535711192552908E+04	 3.703461445922682E-01	 0.00E+00	 7.05E+02
"RXN-HSK_c_FWD-YHR025W"	 1.239901483919779E+04	 1.140066412047919E-01	 0.00E+00	 7.05E+02
"RXN-GLYOX_c_FWD-YDR272W"	 1.000000000021257E-02	 3.639789325517589E-02	 0.00E+00	 0.00E+00
"RXN-PPBNGD_c_FWD-YDL205C"	 1.766886136241214E+00	 4.509417665536783E-02	 0.00E+00	 1.21E-01
"RXN-HMGCOAS_c_FWD-YML126C"	 7.798343941357837E+03	 3.799600788927548E-01	 0.00E+00	 1.12E-01
"RXN-HMPK1_c_FWD-YOL055C"	 2.361591180592988E+01	 8.631546511289803E-03	 4.13E+02	 0.00E+00
"RXN-IG3PS_c_FWD-YBR248C"	 3.580919124431935E+03	 2.908108625057326E-01	 0.00E+00	 1.41E+02
"RXN-IGPDH_c_FWD-YOR202W"	 3.580919124431935E+03	 1.891243946180980E-01	 0.00E+00	 1.41E+02
"RXN-IMPD_c_FWD-YLR432W"	 2.197219467023887E+03	 5.196863917059871E-02	 3.42E+02	 0.00E+00
"RXN-ICDHy_x_FWD-YNL009W"	 5.299455841881826E+00	 2.683337242983125E-04	 8.28E+00	 0.00E+00
"RXN-ILETA_c_REV-YJR148W"	 9.639994451221717E+03	 1.000000000000000E-09	 0.00E+00	 9.64E+03
"RXN-ILETRS_c_FWD-YBL076C"	 1.144694831882669E+04	 2.766847222878472E-01	 0.00E+00	 6.61E+02
"RXN-KARA2i_m_FWD-YLR355C"	 1.144694831882669E+04	 1.673194095562696E-01	 0.00E+00	 1.05E+04
"RXN-LALDO3_c_FWD-YHR104W"	 7.325246674391798E+03	 2.308337469287326E-01	 4.35E+03	 0.00E+00
"RXN-LNSTLS_c_FWD-YHR072W"	 1.299705333109435E+03	 7.436383410716225E-03	 1.19E-01	 0.00E+00
"RXN-LEUTA_c_REV-YJR148W"	 1.582266441952562E+04	 6.761211133095727E-03	 0.00E+00	 5.99E+02
"RXN-LEUTRS_c_FWD-YPL160W"	 1.582266441952562E+04	 2.268443516483011E-01	 0.00E+00	 5.99E+02
"RXN-LYSTRS_c_FWD-YDR037W"	 1.417938475890376E+04	 2.497008936626073E-01	 1.32E+03	 0.00E+00
"RXN-ME2_m_FWD-YKL029C"	 2.355951137325740E+04	 9.973156706171259E-02	 0.00E+00	 1.85E+04
"RXN-MAN1PT_c_FWD-YDL055C"	 1.666268299112991E+04	 1.433503731001438E+00	 5.09E-09	 0.00E+00
"RXN-MAN6PI_c_REV-YER003C"	 1.666268299112991E+04	 3.522004117338997E-01	 0.00E+00	 4.74E-09
"RXN-METAT_c_FWD-YLR180W"	 4.310616648806634E+03	 1.330264375697177E-01	 2.42E+03	 0.00E+00
"RXN-METS_c_FWD-YER091C"	 5.325760111289670E+03	 3.309865146740651E+00	 5.46E+02	 0.00E+00
"RXN-METTRS_c_FWD-MES1ARC1"	 3.506042381707886E+03	 1.010495649841919E-02	 0.00E+00	 3.32E+03
"RXN-DPMVD_c_FWD-YNR043W"	 7.798343941368339E+03	 1.824984084437963E-01	 3.88E+00	 0.00E+00
"RXN-M1PS_c_FWD-YJL153C"	 2.124101851141201E+03	 9.817297333975600E-01	 4.75E+04	 0.00E+00
"RXN-ACGAM6PS_c_FWD-YFL017C"	 6.113049822090327E+02	 2.386291041588827E-02	 0.00E+00	 2.86E-09
"RXN-NAMNPP_c_FWD-YOR209C"	 2.302920737070963E+02	 1.608228404598351E-01	 0.00E+00	 4.69E-10
"RXN-NDPK3_c_FWD-YKL067W"	 1.819433307855450E+03	 1.000000000000000E-09	 0.00E+00	 1.82E+03
"RXN-NDPK8_c_FWD-YKL067W"	 8.686248916327855E+01	 1.000000000000000E-09	 0.00E+00	 8.69E+01
"RXN-NDPK7_c_FWD-YKL067W"	 5.863588370697703E+01	 1.000000000000000E-09	 0.00E+00	 5.86E+01
"RXN-NDPK5_c_FWD-YKL067W"	 5.863594381609882E+01	 1.000000000000000E-09	 0.00E+00	 5.86E+01
"RXN-NDPK4_c_FWD-YKL067W"	 1.545044098819040E+02	 1.000000000000000E-09	 0.00E+00	 1.55E+02
"RXN-NDPK1_c_FWD-YKL067W"	 3.899702930258800E+05	 1.016642658118150E-01	 0.00E+00	 4.75E+02
"RXN-NDPK2_c_FWD-YKL067W"	 5.347288672462287E+04	 1.000000000000000E-09	 0.00E+00	 5.35E+04
"RXN-AHSERL2_c_FWD-YLR303W"	 2.867455684186510E+03	 5.612248210724015E-01	 0.00E+00	 1.76E+01
"RXN-OCBT_c_FWD-YJL088W"	 1.101534787654764E+04	 3.616651086861829E-01	 3.21E+02	 0.00E+00
"RXN-OMPDC_c_FWD-YEL021W"	 4.599440215040027E+03	 1.353280799788746E-01	 3.19E+00	 0.00E+00
"RXN-PTPAT_c_FWD-YGR277C"	 7.092284409838595E+00	 4.576578184998073E-02	 0.00E+00	 0.00E+00
"RXN-PRAIS_c_FWD-YGL234W"	 5.302678557627138E+03	 8.322340678891084E-01	 0.00E+00	 2.89E+00
"RXN-ACGAMPM_c_FWD-YEL058W"	 6.113049822090327E+02	 7.196689456086812E-02	 0.00E+00	 1.12E-09
"RXN-GND_c_FWD-YHR183W"	 2.675734710669430E+04	 7.315617072389369E-01	 1.03E+04	 0.00E+00
"RXN-PMANM_c_REV-YFL045C"	 1.666268299112991E+04	 1.927140306665777E-01	 0.00E+00	 3.65E-08
"RXN-PPNCL2_c_FWD-YIL083C"	 7.322600905567015E+00	 2.283780376358480E-02	 0.00E+00	 1.40E-10
"RXN-PRASCSi_c_FWD-YAR015W"	 5.302678557627138E+03	 4.639063587627743E-01	 0.00E+00	 2.89E+00
"RXN-PRAMPC_c_FWD-YCL030C"	 3.580919124431935E+03	 1.000000000000000E-09	 0.00E+00	 3.58E+03
"RXN-PRATPP_c_FWD-YCL030C"	 3.580919124431935E+03	 1.000000000000000E-09	 0.00E+00	 3.58E+03
"RXN-AIRC1_c_FWD-YOR128C"	 5.302678557627138E+03	 2.608840252801678E-01	 0.00E+00	 2.89E+00
"RXN-PRAGSi_c_FWD-YGL234W"	 5.302678557627138E+03	 1.000000000000000E-09	 0.00E+00	 5.30E+03
"RXN-GLUPRT_c_FWD-YMR300C"	 5.302678557627138E+03	 1.908771853624561E-01	 0.00E+00	 2.89E+00
"RXN-PPBNGS_1_c_FWD-YGL040C"	 7.067544544964857E+00	 2.132057086273777E-02	 0.00E+00	 4.85E-01
"RXN-PPNDH_c_FWD-YNL316C"	 7.333544397039715E+03	 2.220977525434472E-02	 0.00E+00	 3.92E+02
"RXN-PPND2_c_FWD-YBR166C"	 5.656330050147306E+03	 3.294659633908580E-02	 0.00E+00	 3.06E+02
"RXN-PROTRS_c_FWD-YHR020W"	 7.814680084732507E+03	 2.604867498521186E-01	 0.00E+00	 2.71E+02
"RXN-RBK_c_FWD-YCR036W"	 5.823647713038481E+02	 1.097527562737493E-02	 0.00E+00	 2.71E+01
"RXN-RNDR3_c_FWD-RNR1234"	 3.544312527475995E+00	 0.000000000000000E+00	 0.00E+00	 3.54E+00
"RXN-RPI_c_FWD-YOR095C"	 5.861843497535439E+04	 1.399017825153802E-01	 0.00E+00	 2.34E+02
"RXN-SAM24MT_c_FWD-YML008C"	 6.498526665496187E+02	 5.495924722937363E-01	 6.50E+02	 0.00E+00
"RXN-SACCD2_c_FWD-YIR034C"	 1.549449899510003E+04	 4.751600884513635E-01	 1.24E-08	 0.00E+00
"RXN-SACCD1_c_FWD-YNR050C"	 1.549449899510003E+04	 1.098530897242996E+00	 5.04E-10	 0.00E+00
"RXN-SERTRS_c_FWD-YDR023W"	 1.261551022240618E+04	 2.783509858031302E-01	 1.47E+03	 0.00E+00
"RXN-SHK3Di_c_FWD-YDR127W"	 1.471152925774388E+04	 9.736647596382857E-02	 0.00E+00	 6.04E+02
"RXN-SHKK_c_FWD-YDR127W"	 1.471152925774388E+04	 1.000000000000000E-09	 0.00E+00	 1.47E+04
"RXN-SHCHD2_c_FWD-YBR213W"	 6.042477088697618E-01	 1.000000000000000E-09	 0.00E+00	 6.04E-01
"RXN-SHCHF_c_FWD-YBR213W"	 6.042477088697618E-01	 2.078204506338723E-02	 0.00E+00	 1.21E-01
"RXN-SQLEy_r_FWD-YGR175C"	 1.299705333109435E+03	 1.583473238674806E-01	 1.19E-01	 0.00E+00
"RXN-SQLS_c_FWD-YHR190W"	 1.299705333109435E+03	 1.660989838197369E-01	 1.19E-01	 0.00E+00
"RXN-SLFAT_c_FWD-YCL050C"	 2.377015863274927E+03	 1.904304566608506E-01	 0.00E+00	 1.76E+01
"RXN-TMDPK_c_FWD-YOR143C"	 9.390234659201575E+00	 1.243627450533883E-02	 2.56E-10	 0.00E+00
"RXN-THRS_c_FWD-YCR053W"	 1.239901483919779E+04	 3.591857937689504E-01	 0.00E+00	 7.05E+02
"RXN-THRTRS_c_FWD-YIL078W"	 1.040412122499452E+04	 2.895331655211030E-01	 0.00E+00	 2.04E+02
"RXN-TMDS_c_FWD-YOR074C"	 8.686279831548116E+01	 2.826762150405556E-02	 0.00E+00	 4.76E-09
"RXN-TKT1_c_FWD-YBR117C"	 1.850805368056281E+02	 4.286518446402869E-04	 0.00E+00	 1.63E+02
"RXN-TRPS1_c_FWD-YGL026C"	 1.652201823446261E+04	 4.084682386406557E-01	 9.44E+01	 0.00E+00
"RXN-TRPTRS_c_FWD-YOL097C"	 1.721654810556860E+03	 7.429501415572158E-02	 9.44E+01	 0.00E+00
"RXN-TYRTRS_c_FWD-YGR185C"	 5.656330050147306E+03	 9.906830227127991E-02	 0.00E+00	 3.06E+02
"RXN-UAGDP_c_FWD-YDL103C"	 6.113049822090327E+02	 6.154406334387504E-02	 0.00E+00	 1.24E-09
"RXN-UPPRT_c_FWD-YHR128W"	 5.865590919888942E+03	 1.937748648561219E-01	 3.94E+03	 0.00E+00
"RXN-UPP3MT_2_c_FWD-YKR069W"	 6.042477088697618E-01	 5.784471120387762E-02	 0.00E+00	 1.21E-01
"RXN-UPP3S_c_FWD-YOR278W"	 1.766886136241214E+00	 2.299549874173202E-02	 0.00E+00	 1.21E-01
"RXN-VALTA_c_FWD-YJR148W"	 5.988264902019364E+02	 1.000000000000000E-09	 0.00E+00	 5.99E+02
"RXN-XPPT_c_FWD-YJR133W"	 1.333751338176131E+03	 6.156528455600772E-02	 1.44E+00	 0.00E+00
"RXN-HCITS_m_FWD-YDL131W"	 1.549449899510003E+04	 8.674100911194509E-01	 8.61E-09	 0.00E+00
"RXN-3OACE260_rm_FWD-YLR372W"	 2.411946678328822E+01	 9.383466008444287E-02	 0.00E+00	 2.01E-02
"RXN-3OACR200_rm_FWD-YBR159W"	 4.823893356657643E+01	 1.000000000000000E-09	 0.00E+00	 4.82E+01
"RXN-3OACR220_rm_FWD-YBR159W"	 4.823893356657643E+01	 1.000000000000000E-09	 0.00E+00	 4.82E+01
"RXN-3OACR240_rm_FWD-YBR159W"	 4.823893356657643E+01	 8.600524829165355E-02	 0.00E+00	 1.68E-06
"RXN-3OACR260_rm_FWD-YBR159W"	 2.411946678328822E+01	 1.000000000000000E-09	 0.00E+00	 2.41E+01
"RXN-3HACD200_rm_FWD-YJL097W"	 4.823893356657643E+01	 1.000000000000000E-09	 0.00E+00	 4.82E+01
"RXN-3HACD220_rm_FWD-YJL097W"	 4.823893356657643E+01	 1.000000000000000E-09	 0.00E+00	 4.82E+01
"RXN-3HACD240_rm_FWD-YJL097W"	 4.823893356657643E+01	 1.106214467243143E-02	 0.00E+00	 1.31E-05
"RXN-3HACD260_rm_FWD-YJL097W"	 2.411946678328822E+01	 1.000000000000000E-09	 0.00E+00	 2.41E+01
"RXN-ECOAR200_rm_FWD-YDL015C"	 4.823893356657643E+01	 1.000000000000000E-09	 0.00E+00	 4.82E+01
"RXN-ECOAR220_rm_FWD-YDL015C"	 4.823893356657643E+01	 2.662534107408839E-02	 0.00E+00	 5.44E-06
"RXN-ECOAR240_rm_FWD-YDL015C"	 4.823893356657643E+01	 1.000000000000000E-09	 0.00E+00	 4.82E+01
"RXN-ECOAR260_rm_FWD-YDL015C"	 2.411946678328822E+01	 1.000000000000000E-09	 0.00E+00	 2.41E+01
"RXN-ACOADS160_rm_FWD-YGL055W"	 8.552081622951209E+02	 5.133479884805417E-02	 0.00E+00	 5.30E+00
"RXN-ACOADS180_rm_FWD-YGL055W"	 3.118336046670738E+02	 1.000000000000000E-09	 0.00E+00	 3.12E+02
"RXN-FACOAL161_x_FWD-YER015W"	 5.299455841881826E+00	 0.000000000000000E+00	 0.00E+00	 5.30E+00
"RXN-FACOAL240_l_FWD-YBR041W"	 3.471244273809145E+02	 1.304080875302227E-02	 3.13E+02	 0.00E+00
"RXN-ACOAO161b_x_FWD-YGL205W"	 5.299455841881826E+00	 0.000000000000000E+00	 0.00E+00	 5.30E+00
"RXN-ACOAO141b_x_FWD-YGL205W"	 5.299455841881826E+00	 7.018629412629515E-05	 0.00E+00	 1.75E+00
"RXN-ACOAO121a_x_FWD-YGL205W"	 5.299455841881826E+00	 0.000000000000000E+00	 0.00E+00	 5.30E+00
"RXN-ECOAR122_x_FWD-YNL202W"	 5.299455841881826E+00	 2.637323957182716E-03	 1.28E+02	 0.00E+00
"RXN-STEHg161_l_FWD-YKL140W"	 2.690451246019148E+02	 1.065409938643305E-02	 2.70E+02	 0.00E+00
"RXN-2OXOADPt_c_m_FWD-YOR222W"	 1.483455931474345E+04	 1.546295406874125E-01	 0.00E+00	 7.01E+03
"RXN-ASPGLUt_c_m_FWD-YPR021C"	 9.999999999997072E-03	 1.138993452131514E-03	 0.00E+00	 5.07E-03
"RXN-INOSTtps_e_FWD-YDR497C"	 9.267521039847866E+02	 4.221485068807054E-02	 1.21E+03	 0.00E+00
"RXN-FE2t_c_e_FWD-YMR058W"	 3.044221246896656E+01	 3.039411347805597E-02	 1.51E+03	 0.00E+00
"RXN-ASNtpa_v_FWD-YJR001W"	 1.832550961152180E+02	 1.829319147021316E-02	 7.42E+02	 0.00E+00
"RXN-LYStps_e_REV-YNL268W"	 7.201976921921362E+02	 2.167389788044275E-03	 0.00E+00	 6.11E+02
"RXN-PNTOtps_e_FWD-YCR028C"	 7.322576232464598E+00	 3.943231416207140E-04	 0.00E+00	 7.05E-09
"RXN-3C3HMPt_c_m_REV-YKL120W"	 1.522383792932368E+04	 3.489512707766829E-02	 0.00E+00	 1.28E+04
"RXN-PYDXK_c_FWD-YNR027W"	 9.540388301302755E+00	 6.888770514155676E-03	 1.67E-09	 0.00E+00
"RXN-THRt_c_m_FWD-YDR508C"	 5.059523783760395E-05	 1.000000000000000E-09	 0.00E+00	 5.06E-05
"RXN-CA2tps_c_e_FWD-YOL122C"	 4.802550602312347E+01	 1.150737746945313E-04	 0.00E+00	 4.17E-04
"RXN-CUtps_c_e_FWD-YOL122C"	 4.960116971710661E+00	 1.000000000000000E-09	 0.00E+00	 4.96E+00
"RXN-PSSA_rm_FWD-YER026C"	 5.511136460512969E+02	 5.835292681368736E-02	 0.00E+00	 6.61E+01
"RXN-TAGL_l_FWD-YCR068W"	 8.816183469593730E+01	 3.370157762484331E-03	 8.24E+01	 0.00E+00
"RXN-PSD_mm_FWD-YNL169C"	 4.629621010025299E+02	 2.084656062313306E-02	 5.92E+02	 0.00E+00
"RXN-PEMT_rm_FWD-YGR157W"	 3.895521892048093E+02	 2.925963270604170E-02	 0.00E+00	 6.61E+01
"RXN-PMEMT_rm_FWD-YJR073C"	 3.895521892048093E+02	 3.895858162648322E-02	 0.00E+00	 6.61E+01
"RXN-PDMEMT_rm_FWD-YJR073C"	 3.895521892048093E+02	 1.000000000000000E-09	 0.00E+00	 3.90E+02
"RXN-PI3PP_c_FWD-YJR110W"	 3.137635482311995E+01	 1.439010855751954E-03	 4.14E+01	 0.00E+00
"RXN-ACHBS_m_FWD-ILV26"	 1.144694831882669E+04	 1.000000000000000E-09	 0.00E+00	 1.14E+04
"RXN-ACLS_m_FWD-YMR108W"	 6.447618631826699E+03	 0.000000000000000E+00	 0.00E+00	 6.45E+03
"RXN-ANS_c_FWD-TRP23"	 1.721654810556860E+03	 4.234585611695846E-04	 0.00E+00	 1.71E+03
"RXN-ASPTA_x_FWD-YLR027C_x"	 5.279455841718078E+00	 0.000000000000000E+00	 0.00E+00	 5.28E+00
"RXN-ATPS_m_FWD-ATPSCPLX"	 2.483337403668428E+05	 0.000000000000000E+00	 0.00E+00	 2.48E+05
"RXN-CBPS_c_FWD-CPA12"	 1.561478809158767E+04	 4.607665288692747E-01	 7.70E+03	 0.00E+00
"RXN-CERS2A26_r_FWD-LIP1LAC1"	 2.411946358554489E+01	 2.051244225607177E-04	 0.00E+00	 1.37E+01
"RXN-ACONTa_c_FWD-YLR304C_c"	 1.963674389408418E+04	 1.000000000000000E-09	 0.00E+00	 1.96E+04
"RXN-HISTRS_c_FWD-YPR033C_c"	 3.580919124431935E+03	 1.887182299877610E-01	 0.00E+00	 1.41E+02
"RXN-NADS2_c_FWD-YHR074W_c"	 2.302920737070963E+02	 5.260926892078447E-02	 0.00E+00	 1.18E-09
"RXN-PHETRS_c_FWD-FRS12"	 7.333544397039715E+03	 1.004852482658564E-01	 0.00E+00	 3.92E+02
"RXN-PAPSR_c_FWD-MET16TRX1"	 5.226831135982211E+03	 1.027999751869288E-01	 0.00E+00	 1.76E+01
"RXN-SERPT_r_FWD-LCB12"	 4.823893356657636E+01	 1.360714683884257E-02	 6.40E+02	 0.00E+00
"RXN-SO3R_c_FWD-MET510"	 5.226831135982211E+03	 1.915546506739546E-01	 0.00E+00	 1.76E+01
"RXN-TRDR_c_FWD-YDR353W"	 5.795828431233746E+03	 2.907393782443010E-01	 0.00E+00	 2.96E+02
"RXN-TRE6PP_c_FWD-TPS12TSL1"	 6.248619249573313E+02	 1.069376870979761E-02	 0.00E+00	 8.38E+01
"RXN-URIDK2i_c_FWD-YKL024C_c"	 1.071562533905055E-06	 1.000000000000000E-09	 0.00E+00	 1.68E-07
"RXN-VALTRS_c_FWD-YGR094W_c"	 1.317246016965971E+04	 2.585795798804590E-01	 0.00E+00	 2.80E+02
"RXN-lumpFACS180_c_FWD-FAS12"	 4.352725575324546E+02	 0.000000000000000E+00	 0.00E+00	 4.35E+02
"RXN-ACONTb_c_FWD-YLR304C_c"	 1.963674389408418E+04	 1.000000000000000E-09	 0.00E+00	 1.96E+04
"RXN-ATPASEVv_c_FWD-ATPASECPLXvm"	 6.350900882948126E+02	 2.497030299702230E-03	 0.00E+00	 5.09E+02
"RXN-FACOA160tabc_x_FWD-PXA12"	 5.765142629884506E+00	 0.000000000000000E+00	 0.00E+00	 5.77E+00
"RXN-SERt_c_r_FWD-YKR039W_rm"	 4.823893356657636E+01	 1.000000000000000E-09	 0.00E+00	 4.82E+01
"RXN-SERt_c_rm_FWD-YKR039W_rm"	 5.511136460512969E+02	 1.000000000000000E-09	 0.00E+00	 5.51E+02
"RXN-AGNPR_rm_FWD-YIL124W_r"	 4.437417936243278E+02	 3.994838048940459E-02	 1.58E+03	 0.00E+00
"RXN-PI4PP_gm_FWD-YKL212W_gm"	 1.822948582895421E+01	 1.332264112115716E-01	 6.72E+03	 0.00E+00
"RXN-PI4P5K_n_FWD-YDR208W_n"	 4.990331383512034E+02	 3.098479016236460E-03	 0.00E+00	 3.42E+02
"RXN-IPCS_g_FWD-KEI1AUR1"	 4.823893356657644E+01	 2.151393069197257E-03	 4.42E-09	 0.00E+00
"RXN-AKGDH_m_FWD-KGDCPLX"	 1.414527690741797E+01	 4.409275495894655E-02	 1.41E+04	 0.00E+00
"RXN-PYDX5PS_c_FWD-SNZ3SNO1"	 1.745196801632157E+00	 3.952319219340073E-03	 1.98E+02	 0.00E+00
"RXN-LDHDf_c_FWD-YEL071W"	 1.000000000253076E-02	 7.652185732788405E-01	 3.87E+04	 0.00E+00
"RXN-RLFC2O_c_FWD-YDL174C"	 1.000000000277200E-02	 1.294857739539090E-01	 6.55E+03	 0.00E+00
"RXN-LLFC2O_c_FWD-YML054C"	 7.325246674391798E+03	 7.231735175122524E-03	 0.00E+00	 6.96E+03
